27940.62896733 25511.25160539 25760.28142893 24724.36744366
 23378.0534993  23581.70835633 22789.15834336 22076.9017158
 22206.44146962 21637.03813181 21282.02907984 21348.7941269
 20960.38406561 20798.29201003 20823.38281477 20570.78517573
 20507.79436871 20510.08193376 20353.7509678  20338.54838837
 20331.33765757 20240.18607583 20246.07469133 20237.35188868
 20188.62123189 20202.56009492 20196.3625742  20174.26332617
 20190.42103907 20188.26405957 20182.31660928 20198.43984521
 20200.43141364 20203.94737532 20219.41276455 20225.0019868
 20233.86599408 20248.69582334 20257.11849292 20268.88783118
 20283.29164858 20293.80323419 20307.08086043 20321.26794248
 20333.24350202 20347.26197352 20361.38299992 20374.34241854
 20388.69919114 20402.8427023  20416.43940889 20430.93495562
 20445.1421978  20459.13792266 20473.68054176 20487.9626948
 20502.20022867 20516.75233327 20531.10433871 20545.48370754
 20560.03289237 20574.44275892 20588.90255331 20603.44685493
 20617.90111805 20632.40488344 20646.94580543 20661.4322696
 20675.95911175 20690.49867243 20705.00746382 20719.54584979
 20734.08557112 20748.60926143 20763.15308955 20777.69382947
 20792.22712709 20806.77332753 20821.3154147  20835.85471303
 20850.40183681 20864.94526545 20879.48819826 20894.03561949
 20908.58021319 20923.12528083 20937.67276491