 2879.97243763 2830.40026959 3463.39466749 2977.24509485 3228.03059565
 3278.02682584 2957.70023381 3489.12851394 2880.19924057 3447.81193555
 3058.90193151 3202.23103617 3346.38917652 2965.43840237 3511.32330535
 2936.50033391 3429.6380581  3138.73913173 3182.19532827 3406.35942616
 2982.33118426 3525.60224575 2997.77869609 3410.4594186  3215.45443854
 3168.66325795 3457.91190514 3007.69608743 3533.19627278 3062.53123792
 3391.72029695 3287.97522068 3162.10876594 3501.2646653  3040.68161661
 3535.39509744 3129.31731593 3374.69683285 3355.46444405 3162.75501476
 3536.84698775 3080.30984997 3533.50395617 3196.79324459 3360.47860648
 3417.3192562  3170.59501128 3565.26434388 3125.51804894 3528.80457655
 3263.74031596 3349.95754334 3473.16301977 3185.41659628 3587.26208703
 3175.19821419 3522.52102023 3329.08622393 3343.82367184 3522.83172873
 3206.83061529 3603.68905058 3228.23367675 3515.7908555  3391.9199902
 3342.56711722 3566.35580107 3234.30112169 3615.46210483 3283.5319962
 3509.64191057 3451.50066471 3346.48560272 3603.93826732 3267.17652856
 3623.53258372 3340.05362187 3504.97467208 3507.2602219  3355.69665043
 3635.93036723 3304.72071555 3628.85534116 3396.83595319 3502.5502244
 3558.8011951  3370.15362619